27
172.343  518.928  265.611  654.141
315.313  644.17  356.218  697.421
79.608  139.415  145.614  228.56
109.046  488.419  195.721  631.085
204.461  33.8244  142.165  525.276
189.104  381.047  282.418  495.727
113.335  316.301  91.8934  92.8126
76.849  211.752  160.584  324.86
164.247  456.234  295.483  695.232
78.6196  133.914  164.078  311.997
109.177  118.423  153.63  48.5656
138.809  492.207  229.758  632.85
74.3766  125.609  142.728  226.725
86.0478  617.844  177.729  402.979
316.424  643.922  356.218  697.421
137.752  493.057  229.758  632.85
87.3084  618.314  177.729  402.979
186.23  488.387  279.342  623.646
193.513  90.0075  168.338  412.724
79.6111  132.289  147.96  230.234
167.401  504.387  282.424  714.967
189.936  388.267  283.897  507.75
191.245  411.747  282.459  533.619
171.038  527.546  262.64  662.006
120.921  426.026  203.887  557.671
138.14  493.779  228.326  636.925
73.1014  184.583  146.257  282.625
